v -0.0636111 0 0.244074
v -0.064772 0 0.241076
v -0.0659814 0 0.238076
v -0.0672388 0 0.235074
v -0.0685436 0 0.232072
v -0.0698953 0 0.229069
v -0.0712932 0 0.226067
v -0.0727369 0 0.223067
v -0.0742257 0 0.220068
v -0.075759 0 0.217073
v -0.0773364 0 0.214081
v -0.0789571 0 0.211093
v -0.0806207 0 0.20811
v -0.0823265 0 0.205133
v -0.084074 0 0.202162
v -0.0858626 0 0.199199
v -0.0876918 0 0.196243
v -0.0895609 0 0.193296
v -0.0914694 0 0.190358
v -0.0934168 0 0.187431
v -0.0954024 0 0.184514
v -0.0974256 0 0.181608
v -0.099486 0 0.178715
v -0.101583 0 0.175835
v -0.103716 0 0.172968
v -0.105884 0 0.170116
v -0.108087 0 0.167279
v -0.110324 0 0.164457
v -0.112595 0 0.161652
v -0.114899 0 0.158865
v -0.117235 0 0.156095
v -0.119604 0 0.153344
v -0.122004 0 0.150613
v -0.124434 0 0.147901
v -0.126895 0 0.145211
v -0.129385 0 0.142542
v -0.131905 0 0.139895
v -0.134453 0 0.137271
v -0.137029 0 0.134672
v -0.139632 0 0.132096
v -0.142262 0 0.129546
v -0.144918 0 0.127022
v -0.1476 0 0.124524
v -0.150307 0 0.122054
v -0.153038 0 0.119611
v -0.155793 0 0.117198
v -0.158572 0 0.114814
v -0.161373 0 0.11246
v -0.164197 0 0.110137
v -0.167042 0 0.107846
v -0.169908 0 0.105588
v -0.172794 0 0.103362
v -0.175701 0 0.101171
v -0.178627 0 0.0990134
v -0.181571 0 0.0968915
v -0.184534 0 0.0948057
v -0.187514 0 0.0927566
v -0.190512 0 0.0907449
v -0.193525 0 0.0887714
v -0.196555 0 0.0868369
v -0.1996 0 0.0849419
v -0.20266 0 0.0830873
v -0.205733 0 0.0812737
v -0.208821 0 0.0795019
v -0.211921 0 0.0777726
v -0.215034 0 0.0760866
v -0.218158 0 0.0744444
v -0.221294 0 0.072847
v -0.224441 0 0.0712949
v -0.227598 0 0.069789
v -0.230764 0 0.0683299
v -0.233939 0 0.0669183
v -0.237123 0 0.065555
v -0.240315 0 0.0642407
v -0.243513 0 0.0629761
v -0.246719 0 0.061762
v -0.249931 0 0.060599
v -0.253148 0 0.0594879
v -0.25637 0 0.0584294
v -0.259596 0 0.0574242
v -0.262827 0 0.0564731
v -0.26606 0 0.0555767
v -0.269297 0 0.0547358
v -0.272535 0 0.0539512
v -0.275775 0 0.0532234
v -0.279016 0 0.0525533
v -0.282257 0 0.0519416
v -0.285498 0 0.051389
v -0.288738 0 0.0508962
v -0.291977 0 0.0504639
v -0.295214 0 0.0500929
v -0.298449 0 0.0497839
v -0.30168 0 0.0495376
v -0.304908 0 0.0493547
v -0.308132 0 0.049236
v -0.311351 0 0.0491821
v -0.314564 0 0.0491938
v -0.317772 0 0.0492718
v -0.320973 0 0.0494168
v -0.324167 0 0.0496296
v -0.324167 0 0.0496296
v -0.327353 0 0.0499106
v -0.330531 0 0.0502593
v -0.333701 0 0.0506747
v -0.336862 0 0.0511561
v -0.340014 0 0.0517026
v -0.343156 0 0.0523134
v -0.346287 0 0.0529876
v -0.349409 0 0.0537244
v -0.352519 0 0.0545229
v -0.355618 0 0.0553824
v -0.358706 0 0.0563019
v -0.361781 0 0.0572806
v -0.364843 0 0.0583178
v -0.367893 0 0.0594124
v -0.370929 0 0.0605638
v -0.373952 0 0.0617711
v -0.37696 0 0.0630334
v -0.379954 0 0.0643498
v -0.382933 0 0.0657196
v -0.385896 0 0.067142
v -0.388843 0 0.0686159
v -0.391775 0 0.0701407
v -0.394689 0 0.0717155
v -0.397587 0 0.0733394
v -0.400467 0 0.0750117
v -0.403329 0 0.0767313
v -0.406173 0 0.0784976
v -0.408998 0 0.0803097
v -0.411804 0 0.0821668
v -0.414591 0 0.0840679
v -0.417357 0 0.0860123
v -0.420104 0 0.0879991
v -0.422829 0 0.0900274
v -0.425534 0 0.0920965
v -0.428217 0 0.0942056
v -0.430878 0 0.0963536
v -0.433516 0 0.0985399
v -0.436132 0 0.100764
v -0.438725 0 0.103024
v -0.441294 0 0.10532
v -0.443839 0 0.10765
v -0.446359 0 0.110015
v -0.448855 0 0.112413
v -0.451326 0 0.114843
v -0.453771 0 0.117305
v -0.456189 0 0.119797
v -0.458582 0 0.12232
v -0.460947 0 0.124871
v -0.463286 0 0.12745
v -0.465596 0 0.130057
v -0.467879 0 0.13269
v -0.470133 0 0.135348
v -0.472358 0 0.138032
v -0.474554 0 0.140739
v -0.47672 0 0.143469
v -0.478856 0 0.146222
v -0.480961 0 0.148996
v -0.483035 0 0.151791
v -0.485078 0 0.154605
v -0.48709 0 0.157438
v -0.489069 0 0.16029
v -0.491015 0 0.163158
v -0.492929 0 0.166043
v -0.494809 0 0.168943
v -0.496655 0 0.171858
v -0.498467 0 0.174787
v -0.500244 0 0.177729
v -0.501987 0 0.180683
v -0.503694 0 0.183649
v -0.505365 0 0.186625
v -0.507 0 0.18961
v -0.508598 0 0.192604
v -0.510159 0 0.195606
v -0.511682 0 0.198616
v -0.513168 0 0.201631
v -0.514615 0 0.204653
v -0.516024 0 0.207678
v -0.517393 0 0.210708
v -0.518723 0 0.21374
v -0.520013 0 0.216774
v -0.521263 0 0.21981
v -0.522472 0 0.222846
v -0.523639 0 0.225882
v -0.524765 0 0.228916
v -0.52585 0 0.231948
v -0.526891 0 0.234977
v -0.52789 0 0.238002
v -0.528846 0 0.241023
v -0.529758 0 0.244038
v -0.530626 0 0.247047
v -0.531449 0 0.250049
v -0.532228 0 0.253043
v -0.532962 0 0.256028
v -0.533649 0 0.259003
v -0.534291 0 0.261967
v -0.534886 0 0.264921
v -0.535435 0 0.267862
v -0.535936 0 0.27079
v -0.536389 0 0.273704
v -0.536389 0 0.273704
v -0.536794 0 0.276603
v -0.537152 0 0.279488
v -0.537462 0 0.282358
v -0.537725 0 0.285213
v -0.537941 0 0.288053
v -0.538112 0 0.290878
v -0.538236 0 0.293687
v -0.538314 0 0.296482
v -0.538348 0 0.299262
v -0.538337 0 0.302026
v -0.538281 0 0.304775
v -0.538181 0 0.307509
v -0.538037 0 0.310227
v -0.53785 0 0.31293
v -0.53762 0 0.315618
v -0.537347 0 0.318289
v -0.537033 0 0.320945
v -0.536676 0 0.323586
v -0.536277 0 0.326211
v -0.535838 0 0.32882
v -0.535357 0 0.331413
v -0.534837 0 0.33399
v -0.534276 0 0.336552
v -0.533675 0 0.339097
v -0.533035 0 0.341626
v -0.532356 0 0.344139
v -0.531639 0 0.346636
v -0.530883 0 0.349117
v -0.530089 0 0.351582
v -0.529258 0 0.35403
v -0.52839 0 0.356462
v -0.527485 0 0.358877
v -0.526543 0 0.361276
v -0.525566 0 0.363658
v -0.524552 0 0.366024
v -0.523504 0 0.368373
v -0.52242 0 0.370705
v -0.521302 0 0.373021
v -0.52015 0 0.375319
v -0.518964 0 0.377601
v -0.517744 0 0.379866
v -0.516491 0 0.382114
v -0.515206 0 0.384345
v -0.513888 0 0.386558
v -0.512538 0 0.388755
v -0.511156 0 0.390934
v -0.509743 0 0.393097
v -0.508299 0 0.395241
v -0.506825 0 0.397369
v -0.50532 0 0.399479
v -0.503786 0 0.401571
v -0.502222 0 0.403646
v -0.500629 0 0.405704
v -0.499007 0 0.407743
v -0.497357 0 0.409765
v -0.495679 0 0.41177
v -0.493973 0 0.413756
v -0.49224 0 0.415725
v -0.49048 0 0.417675
v -0.488694 0 0.419608
v -0.486881 0 0.421522
v -0.485043 0 0.423419
v -0.483179 0 0.425297
v -0.48129 0 0.427158
v -0.479376 0 0.428999
v -0.477438 0 0.430823
v -0.475476 0 0.432628
v -0.473491 0 0.434415
v -0.471482 0 0.436183
v -0.46945 0 0.437933
v -0.467396 0 0.439665
v -0.46532 0 0.441377
v -0.463221 0 0.443071
v -0.461102 0 0.444746
v -0.458961 0 0.446403
v -0.4568 0 0.44804
v -0.454618 0 0.449659
v -0.452417 0 0.451258
v -0.450195 0 0.452839
v -0.447955 0 0.4544
v -0.445696 0 0.455943
v -0.443418 0 0.457466
v -0.441122 0 0.45897
v -0.438809 0 0.460454
v -0.436478 0 0.46192
v -0.43413 0 0.463365
v -0.431765 0 0.464792
v -0.429384 0 0.466199
v -0.426987 0 0.467586
v -0.424574 0 0.468954
v -0.422147 0 0.470302
v -0.419704 0 0.47163
v -0.417247 0 0.472938
v -0.414776 0 0.474227
v -0.412291 0 0.475496
v -0.409793 0 0.476745
v -0.407282 0 0.477973
v -0.404758 0 0.479182
v -0.402222 0 0.48037
v -0.402222 0 0.48037
v -0.399674 0 0.481539
v -0.397115 0 0.482687
v -0.394544 0 0.483814
v -0.391962 0 0.484922
v -0.389369 0 0.486008
v -0.386766 0 0.487074
v -0.384154 0 0.488119
v -0.381531 0 0.489143
v -0.378899 0 0.490146
v -0.376257 0 0.491128
v -0.373607 0 0.492089
v -0.370949 0 0.493029
v -0.368282 0 0.493947
v -0.365607 0 0.494843
v -0.362925 0 0.495718
v -0.360235 0 0.496571
v -0.357538 0 0.497402
v -0.354835 0 0.498211
v -0.352125 0 0.498998
v -0.34941 0 0.499763
v -0.346688 0 0.500506
v -0.343961 0 0.501226
v -0.341229 0 0.501924
v -0.338492 0 0.502599
v -0.335751 0 0.503251
v -0.333005 0 0.503881
v -0.330256 0 0.504488
v -0.327502 0 0.505071
v -0.324746 0 0.505632
v -0.321987 0 0.506169
v -0.319224 0 0.506683
v -0.31646 0 0.507174
v -0.313693 0 0.507641
v -0.310925 0 0.508084
v -0.308155 0 0.508503
v -0.305384 0 0.508899
v -0.302613 0 0.509271
v -0.29984 0 0.509619
v -0.297068 0 0.509942
v -0.294296 0 0.510241
v -0.291523 0 0.510516
v -0.288752 0 0.510766
v -0.285982 0 0.510992
v -0.283213 0 0.511193
v -0.280446 0 0.511369
v -0.27768 0 0.51152
v -0.274917 0 0.511647
v -0.272156 0 0.511748
v -0.269399 0 0.511823
v -0.266644 0 0.511874
v -0.263893 0 0.511899
v -0.261145 0 0.511898
v -0.258402 0 0.511872
v -0.255663 0 0.51182
v -0.252929 0 0.511743
v -0.2502 0 0.511639
v -0.247476 0 0.511509
v -0.244758 0 0.511353
v -0.242045 0 0.511171
v -0.239339 0 0.510962
v -0.23664 0 0.510727
v -0.233947 0 0.510465
v -0.231262 0 0.510176
v -0.228584 0 0.509861
v -0.225913 0 0.509519
v -0.223251 0 0.509149
v -0.220597 0 0.508753
v -0.217952 0 0.508329
v -0.215316 0 0.507878
v -0.212689 0 0.5074
v -0.210072 0 0.506894
v -0.207465 0 0.50636
v -0.204868 0 0.505799
v -0.202281 0 0.50521
v -0.199706 0 0.504592
v -0.197141 0 0.503947
v -0.194588 0 0.503273
v -0.192047 0 0.502572
v -0.189518 0 0.501841
v -0.187001 0 0.501083
v -0.184497 0 0.500295
v -0.182006 0 0.499479
v -0.179528 0 0.498634
v -0.177064 0 0.497761
v -0.174614 0 0.496858
v -0.172178 0 0.495926
v -0.169756 0 0.494965
v -0.167349 0 0.493974
v -0.164958 0 0.492954
v -0.162582 0 0.491904
v -0.160222 0 0.490825
v -0.157878 0 0.489716
v -0.15555 0 0.488577
v -0.153239 0 0.487409
v -0.150945 0 0.48621
v -0.148668 0 0.484981
v -0.146409 0 0.483721
v -0.144167 0 0.482431
v -0.141944 0 0.481111
v -0.141944 0 0.481111
v -0.13974 0 0.47976
v -0.137554 0 0.478379
v -0.135388 0 0.476968
v -0.133241 0 0.475527
v -0.131114 0 0.474056
v -0.129006 0 0.472557
v -0.12692 0 0.471028
v -0.124854 0 0.469471
v -0.122808 0 0.467885
v -0.120785 0 0.466271
v -0.118783 0 0.46463
v -0.116802 0 0.462961
v -0.114844 0 0.461264
v -0.112909 0 0.459541
v -0.110997 0 0.457791
v -0.109107 0 0.456015
v -0.107241 0 0.454212
v -0.105399 0 0.452384
v -0.103581 0 0.45053
v -0.101788 0 0.44865
v -0.100019 0 0.446746
v -0.098275 0 0.444817
v -0.0965566 0 0.442863
v -0.0948637 0 0.440886
v -0.0931968 0 0.438884
v -0.0915562 0 0.436859
v -0.0899422 0 0.43481
v -0.088355 0 0.432738
v -0.0867951 0 0.430644
v -0.0852626 0 0.428527
v -0.083758 0 0.426388
v -0.0822814 0 0.424227
v -0.0808333 0 0.422044
v -0.079414 0 0.41984
v -0.0780237 0 0.417614
v -0.0766627 0 0.415368
v -0.0753314 0 0.413102
v -0.0740301 0 0.410815
v -0.0727591 0 0.408508
v -0.0715186 0 0.406181
v -0.0703091 0 0.403835
v -0.0691308 0 0.40147
v -0.067984 0 0.399086
v -0.066869 0 0.396683
v -0.0657862 0 0.394262
v -0.0647358 0 0.391823
v -0.0637181 0 0.389366
v -0.0627336 0 0.386892
v -0.0617824 0 0.3844
v -0.0608649 0 0.381892
v -0.0599814 0 0.379367
v -0.0591322 0 0.376825
v -0.0583176 0 0.374268
v -0.057538 0 0.371695
v -0.0567935 0 0.369106
v -0.0560847 0 0.366502
v -0.0554116 0 0.363883
v -0.0547747 0 0.361249
v -0.0541743 0 0.358601
v -0.0536107 0 0.355939
v -0.0530841 0 0.353263
v -0.052595 0 0.350573
v -0.0521435 0 0.34787
v -0.0517301 0 0.345154
v -0.051355 0 0.342426
v -0.0510185 0 0.339684
v -0.050721 0 0.336931
v -0.0504627 0 0.334166
v -0.050244 0 0.331389
v -0.0500651 0 0.328601
v -0.0499264 0 0.325802
v -0.0498282 0 0.322992
v -0.0497709 0 0.320172
v -0.0497545 0 0.317341
v -0.0497797 0 0.314501
v -0.0498465 0 0.31165
v -0.0499554 0 0.308791
v -0.0501066 0 0.305922
v -0.0503005 0 0.303045
v -0.0505374 0 0.300159
v -0.0508175 0 0.297264
v -0.0511412 0 0.294362
v -0.0515087 0 0.291452
v -0.0519205 0 0.288535
v -0.0523768 0 0.28561
v -0.0528779 0 0.282679
v -0.0534241 0 0.279741
v -0.0540158 0 0.276797
v -0.0546532 0 0.273846
v -0.0553366 0 0.27089
v -0.0560664 0 0.267929
v -0.0568429 0 0.264962
v -0.0576664 0 0.261991
v -0.0585372 0 0.259015
v -0.0594555 0 0.256034
v -0.0604218 0 0.253049
v -0.0614363 0 0.250061
v -0.0624993 0 0.247069
v -0.0636111 0 0.244074
